,precision,recall,f1-score,support
NORM,0.9154929577464789,0.9266802443991853,0.9210526315789473,491.0
MI,0.9323770491803278,0.8552631578947368,0.8921568627450981,532.0
AFIB,0.8837837837837837,0.9761194029850746,0.9276595744680851,335.0
TACHY,0.816793893129771,0.8359375,0.8262548262548263,128.0
accuracy,0.9044414535666218,0.9044414535666218,0.9044414535666218,0.9044414535666218
macro avg,0.8871119209600904,0.8985000763197493,0.8917809737617391,1486.0
weighted avg,0.9058874954950429,0.9044414535666218,0.9040315399011317,1486.0
