NORM_fpr
0.0
0.0
0.0
0.0
0.0
0.0
0.0
0.0
0.0
0.0
0.0
0.0
0.0
0.0
0.0
0.0
0.0005025125628140704
0.0005025125628140704
0.0005025125628140704
0.0005025125628140704
0.0005025125628140704
0.0005025125628140704
0.0005025125628140704
0.0005025125628140704
0.0005025125628140704
0.0005025125628140704
0.0005025125628140704
0.0005025125628140704
0.0005025125628140704
0.0005025125628140704
0.0005025125628140704
0.0005025125628140704
0.0005025125628140704
0.0005025125628140704
0.0005025125628140704
0.0005025125628140704
0.0005025125628140704
0.0005025125628140704
0.0005025125628140704
0.0005025125628140704
0.0005025125628140704
0.0005025125628140704
0.0005025125628140704
0.0005025125628140704
0.0005025125628140704
0.0005025125628140704
0.0005025125628140704
0.0005025125628140704
0.0005025125628140704
0.0005025125628140704
0.0005025125628140704
0.0005025125628140704
0.0005025125628140704
0.0005025125628140704
0.0005025125628140704
0.0005025125628140704
0.0005025125628140704
0.0005025125628140704
0.0005025125628140704
0.0005025125628140704
0.0005025125628140704
0.0005025125628140704
0.0005025125628140704
0.0005025125628140704
0.0005025125628140704
0.0005025125628140704
0.0005025125628140704
0.0005025125628140704
0.0005025125628140704
0.0005025125628140704
0.0005025125628140704
0.0005025125628140704
0.0005025125628140704
0.0005025125628140704
0.0005025125628140704
0.0005025125628140704
0.0005025125628140704
0.0005025125628140704
0.0005025125628140704
0.0005025125628140704
0.0005025125628140704
0.0005025125628140704
0.0005025125628140704
0.0005025125628140704
0.0005025125628140704
0.0005025125628140704
0.0005025125628140704
0.0005025125628140704
0.0010050251256281408
0.0010050251256281408
0.0010050251256281408
0.0010050251256281408
0.0010050251256281408
0.0010050251256281408
0.0010050251256281408
0.001507537688442211
0.001507537688442211
0.001507537688442211
0.001507537688442211
0.001507537688442211
0.001507537688442211
0.001507537688442211
0.001507537688442211
0.001507537688442211
0.001507537688442211
0.001507537688442211
0.001507537688442211
0.001507537688442211
0.001507537688442211
0.001507537688442211
0.001507537688442211
0.001507537688442211
0.001507537688442211
0.001507537688442211
0.001507537688442211
0.001507537688442211
0.001507537688442211
0.001507537688442211
0.001507537688442211
0.001507537688442211
0.001507537688442211
0.001507537688442211
0.001507537688442211
0.001507537688442211
0.001507537688442211
0.001507537688442211
0.001507537688442211
0.001507537688442211
0.001507537688442211
0.001507537688442211
0.0020100502512562816
0.0020100502512562816
0.0020100502512562816
0.0020100502512562816
0.0020100502512562816
0.0020100502512562816
0.0020100502512562816
0.0020100502512562816
0.0020100502512562816
0.002512562814070352
0.002512562814070352
0.002512562814070352
0.002512562814070352
0.002512562814070352
0.002512562814070352
0.002512562814070352
0.002512562814070352
0.003015075376884422
0.003015075376884422
0.003015075376884422
0.003015075376884422
0.0035175879396984926
0.0035175879396984926
0.0035175879396984926
0.0035175879396984926
0.0035175879396984926
0.0035175879396984926
0.0035175879396984926
0.0035175879396984926
0.004020100502512563
0.004020100502512563
0.004522613065326633
0.004522613065326633
0.005025125628140704
0.005025125628140704
0.005025125628140704
0.005025125628140704
0.005527638190954774
0.005527638190954774
0.005527638190954774
0.005527638190954774
0.006030150753768844
0.006030150753768844
0.006030150753768844
0.006030150753768844
0.006030150753768844
0.006030150753768844
0.006532663316582915
0.006532663316582915
0.007035175879396985
0.007035175879396985
0.007035175879396985
0.007035175879396985
0.007035175879396985
0.007035175879396985
0.007537688442211055
0.007537688442211055
0.008040201005025126
0.008040201005025126
0.009045226130653266
0.009045226130653266
0.009547738693467337
0.009547738693467337
0.010050251256281407
0.010050251256281407
0.010050251256281407
0.010050251256281407
0.010552763819095477
0.010552763819095477
0.011055276381909548
0.011557788944723618
0.011557788944723618
0.012060301507537688
0.012060301507537688
0.01256281407035176
0.01256281407035176
0.01306532663316583
0.01306532663316583
0.01407035175879397
0.01457286432160804
0.01507537688442211
0.01507537688442211
0.016080402010050253
0.016582914572864323
0.016582914572864323
0.017085427135678392
0.017085427135678392
0.017587939698492462
0.017587939698492462
0.018090452261306532
0.018090452261306532
0.020100502512562814
0.020100502512562814
0.020603015075376884
0.020603015075376884
0.021105527638190954
0.021105527638190954
0.021608040201005024
0.021608040201005024
0.022110552763819097
0.022110552763819097
0.022613065326633167
0.023115577889447236
0.024623115577889446
0.024623115577889446
0.02512562814070352
0.02512562814070352
0.02613065326633166
0.02613065326633166
0.026633165829145728
0.026633165829145728
0.030653266331658293
0.030653266331658293
0.032663316582914576
0.032663316582914576
0.033668341708542715
0.033668341708542715
0.035678391959798994
0.035678391959798994
0.0371859296482412
0.0371859296482412
0.04120603015075377
0.04120603015075377
0.04170854271356784
0.04170854271356784
0.04271356783919598
0.04271356783919598
0.04472361809045226
0.04472361809045226
0.04522613065326633
0.04522613065326633
0.04773869346733668
0.04773869346733668
0.04824120603015075
0.04824120603015075
0.05829145728643216
0.05829145728643216
0.06080402010050251
0.06080402010050251
0.062311557788944726
0.062311557788944726
0.06482412060301508
0.06482412060301508
0.0763819095477387
0.0763819095477387
0.07839195979899498
0.07839195979899498
0.09748743718592964
0.09849246231155778
0.09849246231155778
0.11105527638190955
0.11105527638190955
0.11658291457286432
0.11758793969849246
0.12010050251256281
0.12110552763819095
0.12613065326633166
0.1271356783919598
0.12864321608040202
0.12964824120603016
0.1507537688442211
0.15175879396984926
0.1623115577889447
0.16331658291457288
0.20603015075376885
0.207035175879397
0.21608040201005024
0.21708542713567838
0.2201005025125628
0.22110552763819097
0.22160804020100502
0.22311557788944725
0.25175879396984924
0.2527638190954774
0.25678391959798996
0.25879396984924624
0.26030150753768844
0.2613065326633166
0.26532663316582916
0.2663316582914573
0.271356783919598
0.2728643216080402
0.2984924623115578
0.2994974874371859
0.3015075376884422
0.30251256281407035
0.3060301507537688
0.307035175879397
0.31155778894472363
0.3135678391959799
0.31959798994974875
0.32060301507537686
0.3351758793969849
0.33618090452261307
0.3492462311557789
0.350251256281407
0.3522613065326633
0.35326633165829147
0.35527638190954774
0.35829145728643214
0.36482412060301506
0.3658291457286432
0.37286432160804023
0.37386934673366834
0.37537688442211053
0.3768844221105528
0.3778894472361809
0.37889447236180906
0.3798994974874372
0.3879396984924623
0.38994974874371857
0.3944723618090452
0.39597989949748746
0.39798994974874374
0.39949748743718594
0.40050251256281405
0.4065326633165829
0.40753768844221105
0.40804020100502514
0.4100502512562814
0.4301507537688442
0.4311557788944724
0.43668341708542713
0.4376884422110553
0.44321608040201005
0.4442211055276382
0.45678391959799
0.4577889447236181
0.4592964824120603
0.46080402010050253
0.46683417085427137
0.46834170854271356
0.46984924623115576
0.471356783919598
0.4733668341708543
0.47537688442211057
0.4763819095477387
0.4798994974874372
0.4809045226130653
0.4849246231155779
0.48592964824120605
0.49698492462311555
0.4979899497487437
0.5015075376884423
0.5025125628140703
0.507035175879397
0.5080402010050251
0.5085427135678392
0.5095477386934674
0.5110552763819095
0.5125628140703518
0.5145728643216081
0.5155778894472361
0.5165829145728643
0.5175879396984925
0.5195979899497487
0.5206030150753769
0.521105527638191
0.5221105527638191
0.528643216080402
0.5296482412060302
0.5306532663316583
0.5316582914572864
0.557286432160804
0.5582914572864321
0.5613065326633165
0.5623115577889447
0.5653266331658291
0.5663316582914573
0.5728643216080402
0.5738693467336683
0.5768844221105528
0.5778894472361809
0.5793969849246231
0.5804020100502513
0.5809045226130654
0.5829145728643216
0.5849246231155779
0.5859296482412061
0.58643216080402
0.5874371859296482
0.592462311557789
0.5934673366834171
0.5969849246231156
0.5979899497487438
0.5989949748743718
0.6010050251256281
0.6090452261306533
0.6100502512562814
0.6130653266331658
0.614070351758794
0.6160804020100502
0.6170854271356784
0.6201005025125628
0.6211055276381909
0.6246231155778894
0.6256281407035176
0.6261306532663317
0.6271356783919598
0.628643216080402
0.6296482412060301
0.6306532663316583
0.6326633165829145
0.635678391959799
0.6366834170854271
0.6371859296482412
0.6381909547738693
0.6407035175879398
0.6437185929648241
0.6447236180904523
0.6457286432160804
0.6477386934673367
0.6487437185929649
0.6512562814070352
0.6522613065326633
0.6582914572864321
0.6592964824120603
0.6703517587939698
0.671356783919598
0.671859296482412
0.6733668341708543
0.6859296482412061
0.6869346733668342
0.6889447236180904
0.6899497487437186
0.6969849246231156
0.6979899497487437
0.7015075376884422
0.7025125628140704
0.7040201005025125
0.7050251256281407
0.714572864321608
0.7155778894472362
0.7211055276381909
0.7231155778894472
0.728140703517588
0.7301507537688442
0.7316582914572864
0.7326633165829146
0.7412060301507538
0.7422110552763819
0.74321608040201
0.7442211055276382
0.7462311557788944
0.7472361809045226
0.7512562814070352
0.7522613065326633
0.7603015075376884
0.7618090452261307
0.7693467336683417
0.7703517587939699
0.7733668341708543
0.7743718592964824
0.7773869346733668
0.778391959798995
0.7844221105527638
0.785427135678392
0.7914572864321608
0.7924623115577889
0.7934673366834171
0.7944723618090452
0.7979899497487437
0.7989949748743719
0.8055276381909547
0.8065326633165829
0.8120603015075377
0.8130653266331658
0.8140703517587939
0.8150753768844221
0.8155778894472362
0.8165829145728644
0.8251256281407036
0.8261306532663316
0.8301507537688442
0.8311557788944723
0.8341708542713567
0.8361809045226131
0.8407035175879397
0.8417085427135679
0.849748743718593
0.8507537688442212
0.8517587939698492
0.8527638190954774
0.8562814070351759
0.857286432160804
0.8597989949748743
0.8608040201005025
0.864321608040201
0.8658291457286432
0.8668341708542714
0.8678391959798994
0.8743718592964824
0.8753768844221106
0.8939698492462311
0.8949748743718593
0.8994974874371859
0.9005025125628141
0.9110552763819095
0.9120603015075377
0.928643216080402
0.9296482412060302
0.9507537688442211
0.9517587939698492
0.9532663316582914
0.9542713567839196
0.9582914572864322
0.9592964824120603
0.9728643216080402
0.9738693467336683
0.9894472361809046
0.9904522613065326
1.0
